"IRCC web notices","Visits",
"Canada ends temporary public policy allowing visitors to apply for work permits from within the country",237806,
"Visitors can continue to apply for work permits inside Canada with temporary policy extended by 2 years",23064,
"Notice – Supplementary Information for the 2024-2026 Immigration Levels Plan",8944,
"Additional information about International Student Program reforms",7262,
"Extended work and study permit measures for Ukrainians in Canada",7015,
